吹      產
流動均產

1100   現金及約當現金

1110   透過損益按公允價什
衡量之金融資產一流
動

1120   透過其他綜合損益按
公允價值衡量之金融
坎產一流動

1136   按攤銷後成本衡量之
金融資產一流動

1139   避險之金融次產一流
動

1170           應收帳坎淨額

1180   應收帳款一關係人滔
額

1200   其他應收殲

1210   其他應收坎一關係人

130X        存貨

1410   預付款項

1470   其他流動資產

11XX    流動資產合計

非流動資產

1510   透過損益按公允價值
衡量之金融資產一非
流動

1517   透過其他綜合損益按
公允價值衡量之金融
資產一非流動

15935   按攏銷後成本衡量之
金融資產一非流動

1550   採用權益法之投資

1600   不動產、廠房及設備

1755   使用權資產

1760   投資性不動產淨額

1780   無形資產

1840   遞延所得稅實產

1900        其他非流動資產

15XX          非流動商產合計

1XXX   資產總計

 

沒K才浴下二
七

六(八)

七

六(四)

交
1

斗
生
1
請

六(四)及八

六(九)

六(十)及八
交二二5 寢
及八

而(二2

六(十四)

穴(十二)
(十五)

 

 

年 3 月31 日 110 年 12 月31 日110 年 3 月   日
一一附註一金 額- 金 額- 8 金 額
1,184,629,960    30       1,059,417,011    27 $    1,112,174,828    32
6,156,336     同          1,332,824     同         4,252,850     則
135,191           130,622                     同
62,174,507     2         48,008,438     1         46,576,058     1
716,456     -          1,068,785     "
856,704,700    22       1,125,762,611    29        745,890,062    紡
23,719,390     4         35,455,895     1         29,730,781     1
60,690,767     2         59,510,406     2         52,187,919     2
5,071,157               2,777,421     -         8,250,774     品
754,529,704    19        672,145,365    17        634,982,642    18
20,894,884     1         18,057,414     1         20,348,193     1
8,752,619              10,750,494     -                     -
2,984,175,671    2      3,034,417,286    為      2,654,394,107    77
83,731,481     2         88,481,743     2         91,901,881     3
109,664,125     汪        112,718,725     3         95,167,908     $
19,432,030     -         23,449,084     1         17,780,954
197,609,614     P        194,593,652     5        171,861,057
318,854,106     8        310,107,309     8        289,515,599
40,965,857     1         40,260,192     1         45,650,542     1
10,758,498     "         10,356,499         10,689,636     加
47,453,586     1         45,352,837     1         46,375,679     1
20,424,679                 20,443,452         -                 21,133,944         1
60,386,516     2         28,697,615     1         11,880,286     -
909,280,492        23               874,461,108        22               801,957,486        23
$    3,893,456,163    100      3,908,878,394   100 $    3,456,351,593    100
(續 次 頁)

 

單位:新台幣仟元

 

 

 

 

 

 

 

 

 

 

 

111 年 3 月31 日110 年 12 月31 日110 年 3 月 31 日
負債及權益          附註     金            額    人    金            額    人    金            額    時
流動負債
2100     短期借坎          穴(十七)      $      665,565,587     17 $      546,372,008     14 $      464,506,666     13
2110     應付短期票券       宣(赴六)              7,130,489     -         23,999,117     1         43,945,617     1
2120     透過損益按公允價值 “六(二
衡量之金融負債一流
動                                   1,342,589     -            964,015     -          2,010,356     -
2170     應付帳坎                            872,446,561     兌       10551183.222    咕        780,891,457    絢
2180     應付帳款一關係人 七                  15,997,012     -         21,022,980     -         22,892,268     1
2200     其他應付款        六(十八)及七         258,616,049     7        213,094,933     2        248,018,907     7
2230         本期所得稅負債                                           26,191,031          1                 26,474,025          1                 24,641,380         1
2250      負債準備一流動     六(二十五)            3,233,896     -          2,876,585     -          3,706,271      -
2280     租賃負債一流動     七                   7,359,055     -          7,364,055                8,963,534
2320     一年或一營業週期內。六(二十)
到期長期負債       和             37,233,853     1          38,586,760     1         74,427,834     2
2399     其他流動負債一其他。六(十九)             79271.312     崔         61,770,571     2         45,167,255     多
21XX       流動負債合計                      1,967,387,434 50       1,997,680,271     51       1,719,171,545     50
非流動負債
2530     應付公司債        六(二十)            227333,3431     6        226,258,790     6        200,396,220     6
2540     長期借款          肉(二十一)            50,722,463     1         49,340,778     1         30,256,144     1
2550      負債準備一非流動    (二直列)              434,333     -            430,648     -            408,165
2570     遞延所得稅負債                         31,950,704     1          32,228,229     1         21,910,058     1
2580     租賃負債一非流動 七                  18,261,281      1          18,217,030     1          19,649,996     -
2600     其他非流動負債     六(二十四)            12,078,531      -          11,462,530     -          10,490,038
25XX       非流動負債合計                      340,980,643  __9        337,938,005 9        283,110,621 8
2XXX       負債總計                         2,308,368,077 359       2.335.918.276    60       2,002,282,166    58
權益
歸屬於母公司業主之權
益
股本               六(二十六)
3110      曾通股股本                           138,629,906     4         138,629,906     4         138,629,906     4
資本公積            穴(二十七)
3200      資本公積                            202,354,644     9         202,084,430     5        200,484,799     6
保留盈餘            六(二十入)
3310     法定盈餓公積                         170,755,591         170,755,591     4         161,043,748     5
9920     特別盈餘公積                          87,315,126     汪         87,315,126     2         102,451,720     昌
3350          未分配盈餘                                                829,183,459        21                871,193,344        22               752,676,042        22
其他權益            穴(二十九)
9400      其他權益                               42,097,602) (    二(        89,505,893) (    2)(        81,263,647) (    3)
9500   庫藏股票        穴(二十六)          15,194)   補(        15,194)   2        15,194)
391人       歸屬於母公司業主
之權益合計                       1,386,125,930    36       1,380,457,310    35       1,274,007,374    37
36XX 非控制權益          六(三十)            198,962,156 5         192,802,808 5        180,062,053 5
3XXX            權益總計                                            1,585,088086 二和            1,573,260,118        4            1,454,069,427        42
重大或有負債及未認 九
列之合約承諾
重大之期後事項     磺及
3X2X      負債及權益總計                 $    3,893,456,163 _100 3    3,908,878,394 _100 $    3,456,351,593 _100
後附合併財務報表附註為本合併財務報告之一部分,請併同參閱。
董事長:劉揚偉                             經理人:劉揚偉                       會計主管:周宗愷

 

 

 

