台灣積體電路製造股份有限公司及子公司
合併資產負債表
2022年 民國2022年 111年3月31日及2021年 110年3月31日
（除特別註明外，金額均以新台幣仟元為單位）

單位：新台幣仟元

代碼	資產	2022年 111年3月31日	%	2021年 110年12月31日	%	2021年 110年3月31日	%
1100	現金及約當現金（ ）	$ 1,151,589,646	29	$ 1,064,990,192	29	$ 664,727,857	23
1110	透過損益按公允價值衡量之金融資產（ ）	758,452	-	-	-	26,897	-
1120	透過其他綜合損益按公允價值衡量之金融資產（ ）	120,995,765	3	119,519,251	3	125,208,307	4
1136	按攤銷後成本衡量之金融資產（ ）	8,425,386	-	-	-	6,694,422	-
1139	避險之金融資產（ ）	286,824	-	-	-	13,468	-
1170	應收票據及帳款淨額（ ）	212,846,891	5	197,586,109	5	167,143,336	6
1180	應收關係人款項（ ）	581,010	-	715,324	-	335,572	-
1210	其他應收關係人款項（ ）	58,165	-	61,531	-	52,591	-
1310	存貨（ ）	200,118,682	5	193,102,000	5	154,567,568	5
1476	其他金融資產（ ）	16,243,656	1	16,630,611	1	15,131,465	1
1479	其他流動資產	10,333,155	-	-	-	10,521,481	-
11XX	流動資產合計	1,722,237,632	43	1,607,072,907	39	1,139,786,823	33
非流動資產

代碼	資產描述	2022年 111年3月31日	%	2021年 110年12月31日	%	2021年 110年3月31日	%
1517	透過其他綜合損益按公允價值衡量之金融資產（ ）	6,011,937	-	5,887,892	-	4,401,224	-
1535	按攤銷後成本衡量之金融資產（ ）	15,605,898	-	1,533,391	-	4,434,410	-
1550	採用權益法之投資（ ）	24,119,008	1	21,963,418	1	20,294,816	1
1600	不動產、廠房及設備（ ）	2,104,330,654	53	1,975,118,704	53	1,658,551,290	57
1755	使用權資產（ ）	32,922,146	1	32,734,537	1	32,282,312	1
1780	無形資產（ ）	25,620,051	1	26,821,697	1	25,012,688	1
1840	遞延所得稅資產（ ）	53,903,541	1	49,153,886	1	31,254,225	1
1920	存出保證金	4,073,354	-	2,624,854	-	1,193,924	-
1990	其他非流動資產	3,852,446	-	2,592,169	-	1,919,749	-
15XXX	非流動資產合計	2,270,439,035	57	2,118,430,548	57	1,779,344,638	61
| 1XXX | 資產總計 | 3,992,676,667| 100| 3,725,503,455| 100| 2,919,131,461| 100|
負債及權益

代碼	負債描述	2022年 111年3月31日	%	2021年 110年12月31日	%	2021年 110年3月31日	%
2100	短期借款（ 及二九）	$ 144,550,897	4	$ 114,921,333	3	$ 137,123,748	5
2120	透過損益按公允價值衡量之金融負債（ ）	2,203,138	-	681,914	-	1,958,208	-
2126	避險之金融負債（ ）	-	-	9,642	-	-	-
2170	應付帳款	48,653,183	1	47,285,603	1	36,653,115	1
2180	應付關係人款項（ ）	1,450,896	-	1,437,186	-	1,944,990	-
2201	應付薪資及獎金	21,077,111	1	23,802,100	1	15,696,178	1
2206	應付員工酬勞及董事酬勞（ ）	48,766,534	1	36,524,741	1	44,149,585	1
2213	應付工程及設備款	122,915,512	3	145,742,148	4	109,037,744	4
2230	應付現金股利（ ）	142,617,093	4	142,617,093	4	129,651,902	4
2232	本期所得稅負債（ ）	87,693,132	2	59,647,152	2	74,018,602	3
2399	1年內到期長期負債（ 、十九及二九）	16,791,667	-	4,566,667	-	-	-
2530	應付費用及其他流動負債（ 、二一、二九及三一）	186,148,544	5	162,267,779	4	111,414,540	4
21XX	流動負債合計	822,867,707	21	739,503,358	20	661,648,612	23
非流動負債

代碼	負債描述	2022年 111年3月31日	%	2021年 110年12月31日	%	2021年 110年3月31日	%
2530	應付公司債（ 及二九）	629,650,221	16	610,070,652	16	276,838,303	10
2541	長期銀行借款（ 及二九）	3,087,714	-	3,309,131	-	2,623,824	-
2573	遞延所得稅負債（ ）	1,899,315	-	1,873,877	-	1,895,572	-
2580	租賃負債（ 及二九）	21,065,933	1	21,074,764	1	21,074,764	1
2640	淨確定福利負債（ ）	8,533,290	-	11,036,879	-	11,294,513	-
2645	存入保證金	706,708	-	686,762	-	349,500	-
2670	其他非流動負債（ ）	183,397,025	5	167,525,377	5	2,409,411	-
25XX	非流動負債合計	848,340,206	21	815,266,892	22	316,485,887	11
2XXX	負債合計	1,671,207,913	42	1,554,770,250	42	978,134,499	34
歸屬於母公司業主之權益

代碼	權益描述	2022年 111年3月31日	%	2021年 110年12月31日	%	2021年 110年3月31日	%
3110	股本（ 及二十）	$ 259,317,675	6	$ 259,303,805	7	$ 259,303,805	9
3110	普通股股本	65,215,135	2	64,761,602	2	64,753,607	2
3200	資本公積（ 、二十及二七）	311,146,899	8	311,146,899	8	311,146,899	11
3310	法定盈餘公積	62,608,515	1	59,304,212	2	54,679,873	2
3320	特別盈餘公積	1,664,506,123	42	1,536,378,550	41	1,297,445,035	44
3350	未分配盈餘	2,038,261,537	51	1,906,829,661	51	1,663,271,807	57
3400	其他權益（ 、二十及二七）	(47,492,685)	(1)	(62,608,515)	(2)	(48,392,823)	(2)
3500	庫藏股票（ 及二十）	(871,566)	-	-	-	-	-
31XX	母公司業主權益合計	2,314,430,096	58	2,168,286,553	58	1,938,936,396	66
| 36XX | 非控制權益 | 7,038,658 | - | 2,446,652 | - | 2,060,566 | - |

| 3XXX | 權益合計 | 2,321,468,754 | 58 | 2,170,733,205 | 58 | 1,940,996,962 | 66 |
負債及權益總計 | $ 3,992,676,667 | 100 | $ 3,725,503,455 | 100 | $ 2,919,131,461 | 100 |

後附之 係本合併財務報告之一部分。

董事長：
經理人：
會計主管：