國巨股份有限公司及其子公司
合併資產負債表
2022年 民國2022年 111年9月30日暨2021年 民國2021年 110年12月31日及9月30日流動資產

代碼	資產描述	2022年 111年9月30日	%	2021年 110年12月31日	%	2021年 110年9月30日	%
1100	現金及約當現金（ ）	$ 37,066,515	13	$ 39,126,405	16	$ 36,909,800	15
1110	透過損益按公允價值衡量之金融資產—流動（ ）	6,250,701	2	4,208,551	2	4,218,459	2
1136	按攤銷後成本衡量之金融資產—流動（ ）	13,749,710	5	10,764,884	4	10,158,853	4
1139	避險之金融資產—流動（ ）	96,704 215,628	-
1150	應收票據：淨額（ ）	107,948	-	195,177 1170	應收帳款：淨額（ 、三四及三五）	24,104,955	9	22,105,150	9	25,453,107	11
1200	其他應收款（ ）	1,344,507	1	1,072,785	1	961,692	-
130X	存貨（ 及三五）	28,774,410	10	25,197,902	10	23,290,322	10
1410	預付款項	2,093,046	1	1,292,243	1	1,451,097	1
1460	待出售非流動資產（ ） 85,869 1470	其他流動資產	549,249	-	423,192 11XX	流動資產總計	114,137,745	41	104,828,656	43	103,168,019	43
非流動資產

代碼	資產描述	2022年 111年9月30日	%	2021年 110年12月31日	%	2021年 110年9月30日	%
1510	透過損益按公允價值衡量之金融資產—非流動（ ）	$ 1,397,984	1	$ 672,258	-	$ 682,240	-
1517	透過其他綜合損益按公允價值衡量之金融資產—非流動（ ）	833,714	-	691,440	-	100,772	-
1535	按攤銷後成本衡量之金融資產—非流動（ ）	19,179,749	7	9,143,579	4	9,071,841	4
1538	避險之金融資產—非流動（ ）	1,283,234	1	507,195	-	382,721	-
1550	採用權益法之投資（ ）	56,805,933	20	50,695,356	21	51,169,838	21
1600	不動產、廠房及設備（ 及三五）	3,321,555	1	1,517,420	1	1,604,436	1
1755	使用權資產	1,190,164	-	1,647,319	1	1,654,706	1
1760	投資性不動產（ 、十五、三五）	38,615	-	135,632	-	136,304	-
1800	商譽（ ）	49,013,971	18	44,131,198	19	44,393,469	19
1821	其他無形資產淨額（ ）	25,016,503	9	22,303,362	9	22,428,461	9
1840	遞延所得稅資產（ ）	3,822,728	1	5,493,080	2	4,466,932	2
1920	存出保證金	225,212	-	197,878	-	180,226	-
1990	其他非流動資產	1,479,594	1	938,310	-	952,250	-
15XX	非流動資產合計	163,599,956	59	138,074,027	57	137,224,196	57
| 1XXX | 資產總計 | $ 277,737,701 | 100 | $ 240,392,215 | 100 | $ 240,392,215 | 100 |
流動負債

代碼	負債描述	2022年 111年9月30日	%	2021年 110年12月31日	%	2021年 110年9月30日	%
2100	短期借款（ 及三五）	$ 22,797,140	8	$ 26,005,204	11	$ 31,757,197	13
2110	應付短期票券（ ）	20,073,687	7	20,078,123	8	20,171,384	9
2120	透過損益按公允價值衡量之金融負債—流動（ ）	554,507	-	44,192	-	160,523	-
2130	避險之金融負債—流動（ ） 8,326	-	8,211	-
2150	應付票據	1,171	-	4,722	-	2,137	-
2170	應付帳款（ ）	17,919,507	7	18,626,978	8	19,436,386	8
2200	其他應付款（ 及三五）	18,836,605	7	15,126,324	6	14,079,227	6
2230	本期所得稅負債（ ）	5,464,369	2	4,295,120	2	3,498,397	2
2280	租賃負債—流動	337,356	-	441,465	-	368,951	-
2321	1年內到期之長期借款及應付公司債（ 及二一）	8,652,019	3	830,508	-	779,517	-
2399	其他流動負債	810,247	-	708,909	-	477,798	-
21XX	流動負債合計	95,446,608	34	86,169,871	35	90,739,728	38
非流動負債

代碼	負債描述	2022年 111年9月30日	%	2021年 110年12月31日	%	2021年 110年9月30日	%
2500	透過損益按公允價值衡量之金融負債—非流動（ ）	1,404,400	1	621,252 2511	避險之金融負債—非流動（ ） 511,886	-
2530	應付公司債（ ）	15,032,292	6	15,981,017	7	15,963,216	7
2570	長期借款（ 及三五）	30,012,123	11	27,888,787	12	24,244,052	10
2580	遞延所得稅負債（ ）	6,365,779	2	4,723,754	2	4,756,069	2
2581	租賃負債—非流動	758,067	-	982,249	-	839,794	-
2640	淨確定福利負債（ 及二三）	2,506,570	1	2,547,605	1	2,887,355	1
2670	存入保證金	290,643	-	276,976	-	296,419	-
2690	其他非流動負債	5,934,212	2	4,285,304	2	3,028,031	1
25XX	非流動負債合計	62,304,086	23	57,306,962	24	52,526,822	22
| 2XXX | 負債總計 | 157,750,694 | 57 | 143,476,833 | 59 | 143,266,550 | 60 |
歸屬於本公司業主之權益

代碼	權益描述	2022年 111年9月30日	%	2021年 110年12月31日	%	2021年 110年9月30日	%
3110	股本—普通股	$ 4,212,608	2	$ 4,959,189	2	$ 4,959,189	2
3211	資本公積—發行溢價	41,163,603	15	20,221,583	8	20,221,583	8
3260	採用權益法認列之關聯企業及合資股權淨值之變動數	155,351	-	1,574,490	1	1,575,189	1
3272	可轉換公司債權益類組織	282,445	-	252,844	-	252,844	-
3200	資本公積合計	41,601,399	15	22,048,917	9	22,049,616	9
3310	法定盈餘公積	10,694,034	4	8,621,366	4	8,621,366	4
3315	特別盈餘公積	9,911,736	3	4,594,931	2	4,594,931	2
3320	未分配盈餘	52,221,667	19	50,545,451	21	45,692,225	19
3300	保留盈餘合計	72,827,437	26	63,761,748	27	58,908,522	25
3410	其他權益—國外營運機構財務報表換算之兌換差額	2,561,238	1	(9,753,973) (9,287,852) 3412	透過其他綜合損益按公允價值衡量之金融資產未實現損益	10,089	-	81,021	-	78,840	-
3450	避險工具損益	601,513	-	198,811	-	111,967	-
3300	其他權益合計	3,172,840	1	(9,474,141) (9,097,045) 3500	庫藏股票	(2,030,720) (1,879,155) (1,879,155) 31XX	本公司業主權益總計	119,783,564	43	79,416,558	33	74,941,127	31
35XX	共同控制下前手權益	223,991	-	192,387 36XX	非控制權益	203,443	-	19,785,301	8	21,992,151	9
3XXX	權益總計	119,987,007	43	99,425,850	41	97,125,665	40
| 負債與權益總計 | $ 277,737,701 | 100 | $ 242,902,683 | 100 | $ 240,392,215 | 100 |

後附之 係本合併財務報告之一部分。
（請參閱勤業眾信聯合會計師事務所2022年 民國2022年 111年11月10日核閱報告）

董事長：陳泰銘
經理人：王淑如
會計主管：楊文翔